2420
0 0 1
1 1 2
2 2 3
3 3 4
4 4 5
5 5 6
6 6 7
7 7 8
8 8 9
9 9 10
10 10 11
11 11 12
12 12 13
13 13 14
14 14 15
15 15 16
16 16 17
17 17 18
18 18 19
19 0 20
20 20 21
21 1 21
22 21 22
23 2 22
24 22 23
25 3 23
26 23 24
27 4 24
28 24 25
29 5 25
30 25 26
31 6 26
32 26 27
33 7 27
34 27 28
35 8 28
36 28 29
37 9 29
38 29 30
39 10 30
40 30 31
41 11 31
42 31 32
43 12 32
44 32 33
45 13 33
46 33 34
47 14 34
48 34 35
49 15 35
50 35 36
51 16 36
52 36 37
53 17 37
54 37 38
55 18 38
56 38 39
57 19 39
58 20 40
59 40 41
60 21 41
61 41 42
62 22 42
63 42 43
64 23 43
65 43 44
66 24 44
67 44 45
68 25 45
69 45 46
70 26 46
71 46 47
72 27 47
73 47 48
74 28 48
75 48 49
76 29 49
77 49 50
78 30 50
79 50 51
80 31 51
81 51 52
82 32 52
83 52 53
84 33 53
85 53 54
86 34 54
87 54 55
88 35 55
89 55 56
90 36 56
91 56 57
92 37 57
93 57 58
94 38 58
95 58 59
96 39 59
97 40 60
98 60 61
99 41 61
100 61 62
101 42 62
102 62 63
103 43 63
104 63 64
105 44 64
106 64 65
107 45 65
108 65 66
109 46 66
110 66 67
111 47 67
112 67 68
113 48 68
114 68 69
115 49 69
116 69 70
117 50 70
118 70 71
119 51 71
120 71 72
121 52 72
122 72 73
123 53 73
124 73 74
125 54 74
126 74 75
127 55 75
128 75 76
129 56 76
130 76 77
131 57 77
132 77 78
133 58 78
134 78 79
135 59 79
136 60 80
137 80 81
138 61 81
139 81 82
140 62 82
141 82 83
142 63 83
143 83 84
144 64 84
145 84 85
146 65 85
147 85 86
148 66 86
149 86 87
150 67 87
151 87 88
152 68 88
153 88 89
154 69 89
155 89 90
156 70 90
157 90 91
158 71 91
159 91 92
160 72 92
161 92 93
162 73 93
163 93 94
164 74 94
165 94 95
166 75 95
167 95 96
168 76 96
169 96 97
170 77 97
171 97 98
172 78 98
173 98 99
174 79 99
175 80 100
176 100 101
177 81 101
178 101 102
179 82 102
180 102 103
181 83 103
182 103 104
183 84 104
184 104 105
185 85 105
186 105 106
187 86 106
188 106 107
189 87 107
190 107 108
191 88 108
192 108 109
193 89 109
194 109 110
195 90 110
196 110 111
197 91 111
198 111 112
199 92 112
200 112 113
201 93 113
202 113 114
203 94 114
204 114 115
205 95 115
206 115 116
207 96 116
208 116 117
209 97 117
210 117 118
211 98 118
212 118 119
213 99 119
214 100 120
215 120 121
216 101 121
217 121 122
218 102 122
219 122 123
220 103 123
221 123 124
222 104 124
223 124 125
224 105 125
225 125 126
226 106 126
227 126 127
228 107 127
229 127 128
230 108 128
231 128 129
232 109 129
233 129 130
234 110 130
235 130 131
236 111 131
237 131 132
238 112 132
239 132 133
240 113 133
241 133 134
242 114 134
243 134 135
244 115 135
245 135 136
246 116 136
247 136 137
248 117 137
249 137 138
250 118 138
251 138 139
252 119 139
253 120 140
254 140 141
255 121 141
256 141 142
257 122 142
258 142 143
259 123 143
260 143 144
261 124 144
262 144 145
263 125 145
264 145 146
265 126 146
266 146 147
267 127 147
268 147 148
269 128 148
270 148 149
271 129 149
272 149 150
273 130 150
274 150 151
275 131 151
276 151 152
277 132 152
278 152 153
279 133 153
280 153 154
281 134 154
282 154 155
283 135 155
284 155 156
285 136 156
286 156 157
287 137 157
288 157 158
289 138 158
290 158 159
291 139 159
292 140 160
293 160 161
294 141 161
295 161 162
296 142 162
297 162 163
298 143 163
299 163 164
300 144 164
301 164 165
302 145 165
303 165 166
304 146 166
305 166 167
306 147 167
307 167 168
308 148 168
309 168 169
310 149 169
311 169 170
312 150 170
313 170 171
314 151 171
315 171 172
316 152 172
317 172 173
318 153 173
319 173 174
320 154 174
321 174 175
322 155 175
323 175 176
324 156 176
325 176 177
326 157 177
327 177 178
328 158 178
329 178 179
330 159 179
331 160 180
332 180 181
333 161 181
334 181 182
335 162 182
336 182 183
337 163 183
338 183 184
339 164 184
340 184 185
341 165 185
342 185 186
343 166 186
344 186 187
345 167 187
346 187 188
347 168 188
348 188 189
349 169 189
350 189 190
351 170 190
352 190 191
353 171 191
354 191 192
355 172 192
356 192 193
357 173 193
358 193 194
359 174 194
360 194 195
361 175 195
362 195 196
363 176 196
364 196 197
365 177 197
366 197 198
367 178 198
368 198 199
369 179 199
370 180 200
371 200 201
372 181 201
373 201 202
374 182 202
375 202 203
376 183 203
377 203 204
378 184 204
379 204 205
380 185 205
381 205 206
382 186 206
383 206 207
384 187 207
385 207 208
386 188 208
387 208 209
388 189 209
389 209 210
390 190 210
391 210 211
392 191 211
393 211 212
394 192 212
395 212 213
396 193 213
397 213 214
398 194 214
399 214 215
400 195 215
401 215 216
402 196 216
403 216 217
404 197 217
405 217 218
406 198 218
407 218 219
408 199 219
409 200 220
410 220 221
411 201 221
412 221 222
413 202 222
414 222 223
415 203 223
416 223 224
417 204 224
418 224 225
419 205 225
420 225 226
421 206 226
422 226 227
423 207 227
424 227 228
425 208 228
426 228 229
427 209 229
428 229 230
429 210 230
430 230 231
431 211 231
432 231 232
433 212 232
434 232 233
435 213 233
436 233 234
437 214 234
438 234 235
439 215 235
440 235 236
441 216 236
442 236 237
443 217 237
444 237 238
445 218 238
446 238 239
447 219 239
448 220 240
449 240 241
450 221 241
451 241 242
452 222 242
453 242 243
454 223 243
455 243 244
456 224 244
457 244 245
458 225 245
459 245 246
460 226 246
461 246 247
462 227 247
463 247 248
464 228 248
465 248 249
466 229 249
467 249 250
468 230 250
469 250 251
470 231 251
471 251 252
472 232 252
473 252 253
474 233 253
475 253 254
476 234 254
477 254 255
478 235 255
479 255 256
480 236 256
481 256 257
482 237 257
483 257 258
484 238 258
485 258 259
486 239 259
487 240 260
488 260 261
489 241 261
490 261 262
491 242 262
492 262 263
493 243 263
494 263 264
495 244 264
496 264 265
497 245 265
498 265 266
499 246 266
500 266 267
501 247 267
502 267 268
503 248 268
504 268 269
505 249 269
506 269 270
507 250 270
508 270 271
509 251 271
510 271 272
511 252 272
512 272 273
513 253 273
514 273 274
515 254 274
516 274 275
517 255 275
518 275 276
519 256 276
520 276 277
521 257 277
522 277 278
523 258 278
524 278 279
525 259 279
526 260 280
527 280 281
528 261 281
529 281 282
530 262 282
531 282 283
532 263 283
533 283 284
534 264 284
535 284 285
536 265 285
537 285 286
538 266 286
539 286 287
540 267 287
541 287 288
542 268 288
543 288 289
544 269 289
545 289 290
546 270 290
547 290 291
548 271 291
549 291 292
550 272 292
551 292 293
552 273 293
553 293 294
554 274 294
555 294 295
556 275 295
557 295 296
558 276 296
559 296 297
560 277 297
561 297 298
562 278 298
563 298 299
564 279 299
565 280 300
566 300 301
567 281 301
568 301 302
569 282 302
570 302 303
571 283 303
572 303 304
573 284 304
574 304 305
575 285 305
576 305 306
577 286 306
578 306 307
579 287 307
580 307 308
581 288 308
582 308 309
583 289 309
584 309 310
585 290 310
586 310 311
587 291 311
588 311 312
589 292 312
590 312 313
591 293 313
592 313 314
593 294 314
594 314 315
595 295 315
596 315 316
597 296 316
598 316 317
599 297 317
600 317 318
601 298 318
602 318 319
603 299 319
604 300 320
605 320 321
606 301 321
607 321 322
608 302 322
609 322 323
610 303 323
611 323 324
612 304 324
613 324 325
614 305 325
615 325 326
616 306 326
617 326 327
618 307 327
619 327 328
620 308 328
621 328 329
622 309 329
623 329 330
624 310 330
625 330 331
626 311 331
627 331 332
628 312 332
629 332 333
630 313 333
631 333 334
632 314 334
633 334 335
634 315 335
635 335 336
636 316 336
637 336 337
638 317 337
639 337 338
640 318 338
641 338 339
642 319 339
643 320 340
644 340 341
645 321 341
646 341 342
647 322 342
648 342 343
649 323 343
650 343 344
651 324 344
652 344 345
653 325 345
654 345 346
655 326 346
656 346 347
657 327 347
658 347 348
659 328 348
660 348 349
661 329 349
662 349 350
663 330 350
664 350 351
665 331 351
666 351 352
667 332 352
668 352 353
669 333 353
670 353 354
671 334 354
672 354 355
673 335 355
674 355 356
675 336 356
676 356 357
677 337 357
678 357 358
679 338 358
680 358 359
681 339 359
682 340 360
683 360 361
684 341 361
685 361 362
686 342 362
687 362 363
688 343 363
689 363 364
690 344 364
691 364 365
692 345 365
693 365 366
694 346 366
695 366 367
696 347 367
697 367 368
698 348 368
699 368 369
700 349 369
701 369 370
702 350 370
703 370 371
704 351 371
705 371 372
706 352 372
707 372 373
708 353 373
709 373 374
710 354 374
711 374 375
712 355 375
713 375 376
714 356 376
715 376 377
716 357 377
717 377 378
718 358 378
719 378 379
720 359 379
721 360 380
722 380 381
723 361 381
724 381 382
725 362 382
726 382 383
727 363 383
728 383 384
729 364 384
730 384 385
731 365 385
732 385 386
733 366 386
734 386 387
735 367 387
736 387 388
737 368 388
738 388 389
739 369 389
740 389 390
741 370 390
742 390 391
743 371 391
744 391 392
745 372 392
746 392 393
747 373 393
748 393 394
749 374 394
750 394 395
751 375 395
752 395 396
753 376 396
754 396 397
755 377 397
756 397 398
757 378 398
758 398 399
759 379 399
760 380 400
761 400 401
762 381 401
763 401 402
764 382 402
765 402 403
766 383 403
767 403 404
768 384 404
769 404 405
770 385 405
771 405 406
772 386 406
773 406 407
774 387 407
775 407 408
776 388 408
777 408 409
778 389 409
779 409 410
780 390 410
781 410 411
782 391 411
783 411 412
784 392 412
785 412 413
786 393 413
787 413 414
788 394 414
789 414 415
790 395 415
791 415 416
792 396 416
793 416 417
794 397 417
795 417 418
796 398 418
797 418 419
798 399 419
799 400 420
800 420 421
801 401 421
802 421 422
803 402 422
804 422 423
805 403 423
806 423 424
807 404 424
808 424 425
809 405 425
810 425 426
811 406 426
812 426 427
813 407 427
814 427 428
815 408 428
816 428 429
817 409 429
818 429 430
819 410 430
820 430 431
821 411 431
822 431 432
823 412 432
824 432 433
825 413 433
826 433 434
827 414 434
828 434 435
829 415 435
830 435 436
831 416 436
832 436 437
833 417 437
834 437 438
835 418 438
836 438 439
837 419 439
838 420 440
839 440 441
840 421 441
841 441 442
842 422 442
843 442 443
844 423 443
845 443 444
846 424 444
847 444 445
848 425 445
849 445 446
850 426 446
851 446 447
852 427 447
853 447 448
854 428 448
855 448 449
856 429 449
857 449 450
858 430 450
859 450 451
860 431 451
861 451 452
862 432 452
863 452 453
864 433 453
865 453 454
866 434 454
867 454 455
868 435 455
869 455 456
870 436 456
871 456 457
872 437 457
873 457 458
874 438 458
875 458 459
876 439 459
877 440 460
878 460 461
879 441 461
880 461 462
881 442 462
882 462 463
883 443 463
884 463 464
885 444 464
886 464 465
887 445 465
888 465 466
889 446 466
890 466 467
891 447 467
892 467 468
893 448 468
894 468 469
895 449 469
896 469 470
897 450 470
898 470 471
899 451 471
900 471 472
901 452 472
902 472 473
903 453 473
904 473 474
905 454 474
906 474 475
907 455 475
908 475 476
909 456 476
910 476 477
911 457 477
912 477 478
913 458 478
914 478 479
915 459 479
916 460 480
917 480 481
918 461 481
919 481 482
920 462 482
921 482 483
922 463 483
923 483 484
924 464 484
925 484 485
926 465 485
927 485 486
928 466 486
929 486 487
930 467 487
931 487 488
932 468 488
933 488 489
934 469 489
935 489 490
936 470 490
937 490 491
938 471 491
939 491 492
940 472 492
941 492 493
942 473 493
943 493 494
944 474 494
945 494 495
946 475 495
947 495 496
948 476 496
949 496 497
950 477 497
951 497 498
952 478 498
953 498 499
954 479 499
955 480 500
956 500 501
957 481 501
958 501 502
959 482 502
960 502 503
961 483 503
962 503 504
963 484 504
964 504 505
965 485 505
966 505 506
967 486 506
968 506 507
969 487 507
970 507 508
971 488 508
972 508 509
973 489 509
974 509 510
975 490 510
976 510 511
977 491 511
978 511 512
979 492 512
980 512 513
981 493 513
982 513 514
983 494 514
984 514 515
985 495 515
986 515 516
987 496 516
988 516 517
989 497 517
990 517 518
991 498 518
992 518 519
993 499 519
994 500 520
995 520 521
996 501 521
997 521 522
998 502 522
999 522 523
1000 503 523
1001 523 524
1002 504 524
1003 524 525
1004 505 525
1005 525 526
1006 506 526
1007 526 527
1008 507 527
1009 527 528
1010 508 528
1011 528 529
1012 509 529
1013 529 530
1014 510 530
1015 530 531
1016 511 531
1017 531 532
1018 512 532
1019 532 533
1020 513 533
1021 533 534
1022 514 534
1023 534 535
1024 515 535
1025 535 536
1026 516 536
1027 536 537
1028 517 537
1029 537 538
1030 518 538
1031 538 539
1032 519 539
1033 520 540
1034 540 541
1035 521 541
1036 541 542
1037 522 542
1038 542 543
1039 523 543
1040 543 544
1041 524 544
1042 544 545
1043 525 545
1044 545 546
1045 526 546
1046 546 547
1047 527 547
1048 547 548
1049 528 548
1050 548 549
1051 529 549
1052 549 550
1053 530 550
1054 550 551
1055 531 551
1056 551 552
1057 532 552
1058 552 553
1059 533 553
1060 553 554
1061 534 554
1062 554 555
1063 535 555
1064 555 556
1065 536 556
1066 556 557
1067 537 557
1068 557 558
1069 538 558
1070 558 559
1071 539 559
1072 540 560
1073 560 561
1074 541 561
1075 561 562
1076 542 562
1077 562 563
1078 543 563
1079 563 564
1080 544 564
1081 564 565
1082 545 565
1083 565 566
1084 546 566
1085 566 567
1086 547 567
1087 567 568
1088 548 568
1089 568 569
1090 549 569
1091 569 570
1092 550 570
1093 570 571
1094 551 571
1095 571 572
1096 552 572
1097 572 573
1098 553 573
1099 573 574
1100 554 574
1101 574 575
1102 555 575
1103 575 576
1104 556 576
1105 576 577
1106 557 577
1107 577 578
1108 558 578
1109 578 579
1110 559 579
1111 580 1201
1112 560 580
1113 580 581
1114 581 1201
1115 561 581
1116 581 582
1117 582 1201
1118 562 582
1119 582 583
1120 583 1201
1121 563 583
1122 583 584
1123 584 1201
1124 564 584
1125 584 585
1126 585 1201
1127 565 585
1128 585 586
1129 586 1201
1130 566 586
1131 586 587
1132 587 1201
1133 567 587
1134 587 588
1135 588 1201
1136 568 588
1137 588 589
1138 589 1201
1139 569 589
1140 589 590
1141 590 1201
1142 570 590
1143 590 591
1144 591 1201
1145 571 591
1146 591 592
1147 592 1201
1148 572 592
1149 592 593
1150 593 1201
1151 573 593
1152 593 594
1153 594 1201
1154 574 594
1155 594 595
1156 595 1201
1157 575 595
1158 595 596
1159 596 1201
1160 576 596
1161 596 597
1162 597 1201
1163 577 597
1164 597 598
1165 598 1201
1166 578 598
1167 598 599
1168 599 1201
1169 579 599
1170 399 600
1171 601 600
1172 379 601
1173 602 601
1174 359 602
1175 603 602
1176 339 603
1177 604 603
1178 319 604
1179 605 604
1180 299 605
1181 606 605
1182 279 606
1183 607 606
1184 259 607
1185 608 607
1186 239 608
1187 609 608
1188 219 609
1189 610 609
1190 199 610
1191 611 610
1192 179 611
1193 612 611
1194 159 612
1195 613 612
1196 139 613
1197 614 613
1198 119 614
1199 615 614
1200 99 615
1201 616 615
1202 79 616
1203 617 616
1204 59 617
1205 618 617
1206 39 618
1207 619 618
1208 19 619
1209 600 620
1210 621 620
1211 601 621
1212 622 621
1213 602 622
1214 623 622
1215 603 623
1216 624 623
1217 604 624
1218 625 624
1219 605 625
1220 626 625
1221 606 626
1222 627 626
1223 607 627
1224 628 627
1225 608 628
1226 629 628
1227 609 629
1228 630 629
1229 610 630
1230 631 630
1231 611 631
1232 632 631
1233 612 632
1234 633 632
1235 613 633
1236 634 633
1237 614 634
1238 635 634
1239 615 635
1240 636 635
1241 616 636
1242 637 636
1243 617 637
1244 638 637
1245 618 638
1246 639 638
1247 619 639
1248 620 640
1249 641 640
1250 621 641
1251 642 641
1252 622 642
1253 643 642
1254 623 643
1255 644 643
1256 624 644
1257 645 644
1258 625 645
1259 646 645
1260 626 646
1261 647 646
1262 627 647
1263 648 647
1264 628 648
1265 649 648
1266 629 649
1267 650 649
1268 630 650
1269 651 650
1270 631 651
1271 652 651
1272 632 652
1273 653 652
1274 633 653
1275 654 653
1276 634 654
1277 655 654
1278 635 655
1279 656 655
1280 636 656
1281 657 656
1282 637 657
1283 658 657
1284 638 658
1285 659 658
1286 639 659
1287 640 660
1288 661 660
1289 641 661
1290 662 661
1291 642 662
1292 663 662
1293 643 663
1294 664 663
1295 644 664
1296 665 664
1297 645 665
1298 666 665
1299 646 666
1300 667 666
1301 647 667
1302 668 667
1303 648 668
1304 669 668
1305 649 669
1306 670 669
1307 650 670
1308 671 670
1309 651 671
1310 672 671
1311 652 672
1312 673 672
1313 653 673
1314 674 673
1315 654 674
1316 675 674
1317 655 675
1318 676 675
1319 656 676
1320 677 676
1321 657 677
1322 678 677
1323 658 678
1324 679 678
1325 659 679
1326 660 680
1327 681 680
1328 661 681
1329 682 681
1330 662 682
1331 683 682
1332 663 683
1333 684 683
1334 664 684
1335 685 684
1336 665 685
1337 686 685
1338 666 686
1339 687 686
1340 667 687
1341 688 687
1342 668 688
1343 689 688
1344 669 689
1345 690 689
1346 670 690
1347 691 690
1348 671 691
1349 692 691
1350 672 692
1351 693 692
1352 673 693
1353 694 693
1354 674 694
1355 695 694
1356 675 695
1357 696 695
1358 676 696
1359 697 696
1360 677 697
1361 698 697
1362 678 698
1363 699 698
1364 679 699
1365 680 700
1366 701 700
1367 681 701
1368 702 701
1369 682 702
1370 703 702
1371 683 703
1372 704 703
1373 684 704
1374 705 704
1375 685 705
1376 706 705
1377 686 706
1378 707 706
1379 687 707
1380 708 707
1381 688 708
1382 709 708
1383 689 709
1384 710 709
1385 690 710
1386 711 710
1387 691 711
1388 712 711
1389 692 712
1390 713 712
1391 693 713
1392 714 713
1393 694 714
1394 715 714
1395 695 715
1396 716 715
1397 696 716
1398 717 716
1399 697 717
1400 718 717
1401 698 718
1402 719 718
1403 699 719
1404 700 720
1405 721 720
1406 701 721
1407 722 721
1408 702 722
1409 723 722
1410 703 723
1411 724 723
1412 704 724
1413 725 724
1414 705 725
1415 726 725
1416 706 726
1417 727 726
1418 707 727
1419 728 727
1420 708 728
1421 729 728
1422 709 729
1423 730 729
1424 710 730
1425 731 730
1426 711 731
1427 732 731
1428 712 732
1429 733 732
1430 713 733
1431 734 733
1432 714 734
1433 735 734
1434 715 735
1435 736 735
1436 716 736
1437 737 736
1438 717 737
1439 738 737
1440 718 738
1441 739 738
1442 719 739
1443 720 740
1444 741 740
1445 721 741
1446 742 741
1447 722 742
1448 743 742
1449 723 743
1450 744 743
1451 724 744
1452 745 744
1453 725 745
1454 746 745
1455 726 746
1456 747 746
1457 727 747
1458 748 747
1459 728 748
1460 749 748
1461 729 749
1462 750 749
1463 730 750
1464 751 750
1465 731 751
1466 752 751
1467 732 752
1468 753 752
1469 733 753
1470 754 753
1471 734 754
1472 755 754
1473 735 755
1474 756 755
1475 736 756
1476 757 756
1477 737 757
1478 758 757
1479 738 758
1480 759 758
1481 739 759
1482 740 760
1483 761 760
1484 741 761
1485 762 761
1486 742 762
1487 763 762
1488 743 763
1489 764 763
1490 744 764
1491 765 764
1492 745 765
1493 766 765
1494 746 766
1495 767 766
1496 747 767
1497 768 767
1498 748 768
1499 769 768
1500 749 769
1501 770 769
1502 750 770
1503 771 770
1504 751 771
1505 772 771
1506 752 772
1507 773 772
1508 753 773
1509 774 773
1510 754 774
1511 775 774
1512 755 775
1513 776 775
1514 756 776
1515 777 776
1516 757 777
1517 778 777
1518 758 778
1519 779 778
1520 759 779
1521 780 1201
1522 760 780
1523 781 780
1524 781 1201
1525 761 781
1526 782 781
1527 782 1201
1528 762 782
1529 783 782
1530 783 1201
1531 763 783
1532 784 783
1533 784 1201
1534 764 784
1535 785 784
1536 785 1201
1537 765 785
1538 786 785
1539 786 1201
1540 766 786
1541 787 786
1542 787 1201
1543 767 787
1544 788 787
1545 788 1201
1546 768 788
1547 789 788
1548 789 1201
1549 769 789
1550 790 789
1551 790 1201
1552 770 790
1553 791 790
1554 791 1201
1555 771 791
1556 792 791
1557 792 1201
1558 772 792
1559 793 792
1560 793 1201
1561 773 793
1562 794 793
1563 794 1201
1564 774 794
1565 795 794
1566 795 1201
1567 775 795
1568 796 795
1569 796 1201
1570 776 796
1571 797 796
1572 797 1201
1573 777 797
1574 798 797
1575 798 1201
1576 778 798
1577 799 798
1578 799 1201
1579 779 799
1580 800 619
1581 800 19
1582 801 800
1583 801 18
1584 802 801
1585 802 17
1586 803 802
1587 803 16
1588 804 803
1589 804 15
1590 805 804
1591 805 14
1592 806 805
1593 806 13
1594 807 806
1595 807 12
1596 808 807
1597 808 11
1598 809 808
1599 809 10
1600 810 809
1601 810 9
1602 811 810
1603 811 8
1604 812 811
1605 812 7
1606 813 812
1607 813 6
1608 814 813
1609 814 5
1610 815 814
1611 815 4
1612 816 815
1613 816 3
1614 817 816
1615 817 2
1616 818 817
1617 818 1
1618 819 818
1619 819 0
1620 820 639
1621 820 800
1622 821 820
1623 821 801
1624 822 821
1625 822 802
1626 823 822
1627 823 803
1628 824 823
1629 824 804
1630 825 824
1631 825 805
1632 826 825
1633 826 806
1634 827 826
1635 827 807
1636 828 827
1637 828 808
1638 829 828
1639 829 809
1640 830 829
1641 830 810
1642 831 830
1643 831 811
1644 832 831
1645 832 812
1646 833 832
1647 833 813
1648 834 833
1649 834 814
1650 835 834
1651 835 815
1652 836 835
1653 836 816
1654 837 836
1655 837 817
1656 838 837
1657 838 818
1658 839 838
1659 839 819
1660 840 659
1661 840 820
1662 841 840
1663 841 821
1664 842 841
1665 842 822
1666 843 842
1667 843 823
1668 844 843
1669 844 824
1670 845 844
1671 845 825
1672 846 845
1673 846 826
1674 847 846
1675 847 827
1676 848 847
1677 848 828
1678 849 848
1679 849 829
1680 850 849
1681 850 830
1682 851 850
1683 851 831
1684 852 851
1685 852 832
1686 853 852
1687 853 833
1688 854 853
1689 854 834
1690 855 854
1691 855 835
1692 856 855
1693 856 836
1694 857 856
1695 857 837
1696 858 857
1697 858 838
1698 859 858
1699 859 839
1700 860 679
1701 860 840
1702 861 860
1703 861 841
1704 862 861
1705 862 842
1706 863 862
1707 863 843
1708 864 863
1709 864 844
1710 865 864
1711 865 845
1712 866 865
1713 866 846
1714 867 866
1715 867 847
1716 868 867
1717 868 848
1718 869 868
1719 869 849
1720 870 869
1721 870 850
1722 871 870
1723 871 851
1724 872 871
1725 872 852
1726 873 872
1727 873 853
1728 874 873
1729 874 854
1730 875 874
1731 875 855
1732 876 875
1733 876 856
1734 877 876
1735 877 857
1736 878 877
1737 878 858
1738 879 878
1739 879 859
1740 880 699
1741 880 860
1742 881 880
1743 881 861
1744 882 881
1745 882 862
1746 883 882
1747 883 863
1748 884 883
1749 884 864
1750 885 884
1751 885 865
1752 886 885
1753 886 866
1754 887 886
1755 887 867
1756 888 887
1757 888 868
1758 889 888
1759 889 869
1760 890 889
1761 890 870
1762 891 890
1763 891 871
1764 892 891
1765 892 872
1766 893 892
1767 893 873
1768 894 893
1769 894 874
1770 895 894
1771 895 875
1772 896 895
1773 896 876
1774 897 896
1775 897 877
1776 898 897
1777 898 878
1778 899 898
1779 899 879
1780 900 719
1781 900 880
1782 901 900
1783 901 881
1784 902 901
1785 902 882
1786 903 902
1787 903 883
1788 904 903
1789 904 884
1790 905 904
1791 905 885
1792 906 905
1793 906 886
1794 907 906
1795 907 887
1796 908 907
1797 908 888
1798 909 908
1799 909 889
1800 910 909
1801 910 890
1802 911 910
1803 911 891
1804 912 911
1805 912 892
1806 913 912
1807 913 893
1808 914 913
1809 914 894
1810 915 914
1811 915 895
1812 916 915
1813 916 896
1814 917 916
1815 917 897
1816 918 917
1817 918 898
1818 919 918
1819 919 899
1820 920 739
1821 920 900
1822 921 920
1823 921 901
1824 922 921
1825 922 902
1826 923 922
1827 923 903
1828 924 923
1829 924 904
1830 925 924
1831 925 905
1832 926 925
1833 926 906
1834 927 926
1835 927 907
1836 928 927
1837 928 908
1838 929 928
1839 929 909
1840 930 929
1841 930 910
1842 931 930
1843 931 911
1844 932 931
1845 932 912
1846 933 932
1847 933 913
1848 934 933
1849 934 914
1850 935 934
1851 935 915
1852 936 935
1853 936 916
1854 937 936
1855 937 917
1856 938 937
1857 938 918
1858 939 938
1859 939 919
1860 940 759
1861 940 920
1862 941 940
1863 941 921
1864 942 941
1865 942 922
1866 943 942
1867 943 923
1868 944 943
1869 944 924
1870 945 944
1871 945 925
1872 946 945
1873 946 926
1874 947 946
1875 947 927
1876 948 947
1877 948 928
1878 949 948
1879 949 929
1880 950 949
1881 950 930
1882 951 950
1883 951 931
1884 952 951
1885 952 932
1886 953 952
1887 953 933
1888 954 953
1889 954 934
1890 955 954
1891 955 935
1892 956 955
1893 956 936
1894 957 956
1895 957 937
1896 958 957
1897 958 938
1898 959 958
1899 959 939
1900 960 779
1901 960 940
1902 961 960
1903 961 941
1904 962 961
1905 962 942
1906 963 962
1907 963 943
1908 964 963
1909 964 944
1910 965 964
1911 965 945
1912 966 965
1913 966 946
1914 967 966
1915 967 947
1916 968 967
1917 968 948
1918 969 968
1919 969 949
1920 970 969
1921 970 950
1922 971 970
1923 971 951
1924 972 971
1925 972 952
1926 973 972
1927 973 953
1928 974 973
1929 974 954
1930 975 974
1931 975 955
1932 976 975
1933 976 956
1934 977 976
1935 977 957
1936 978 977
1937 978 958
1938 979 978
1939 979 959
1940 980 799
1941 1200 980
1942 980 960
1943 981 980
1944 1200 981
1945 981 961
1946 982 981
1947 1200 982
1948 982 962
1949 983 982
1950 1200 983
1951 983 963
1952 984 983
1953 1200 984
1954 984 964
1955 985 984
1956 1200 985
1957 985 965
1958 986 985
1959 1200 986
1960 986 966
1961 987 986
1962 1200 987
1963 987 967
1964 988 987
1965 1200 988
1966 988 968
1967 989 988
1968 1200 989
1969 989 969
1970 990 989
1971 1200 990
1972 990 970
1973 991 990
1974 1200 991
1975 991 971
1976 992 991
1977 1200 992
1978 992 972
1979 993 992
1980 1200 993
1981 993 973
1982 994 993
1983 1200 994
1984 994 974
1985 995 994
1986 1200 995
1987 995 975
1988 996 995
1989 1200 996
1990 996 976
1991 997 996
1992 1200 997
1993 997 977
1994 998 997
1995 1200 998
1996 998 978
1997 999 998
1998 1200 999
1999 999 979
2000 1000 0
2001 1000 1001
2002 1001 20
2003 1001 1002
2004 1002 40
2005 1002 1003
2006 1003 60
2007 1003 1004
2008 1004 80
2009 1004 1005
2010 1005 100
2011 1005 1006
2012 1006 120
2013 1006 1007
2014 1007 140
2015 1007 1008
2016 1008 160
2017 1008 1009
2018 1009 180
2019 1009 1010
2020 1010 200
2021 1010 1011
2022 1011 220
2023 1011 1012
2024 1012 240
2025 1012 1013
2026 1013 260
2027 1013 1014
2028 1014 280
2029 1014 1015
2030 1015 300
2031 1015 1016
2032 1016 320
2033 1016 1017
2034 1017 340
2035 1017 1018
2036 1018 360
2037 1018 1019
2038 1019 400
2039 1019 380
2040 1020 1000
2041 1020 1021
2042 1021 1001
2043 1021 1022
2044 1022 1002
2045 1022 1023
2046 1023 1003
2047 1023 1024
2048 1024 1004
2049 1024 1025
2050 1025 1005
2051 1025 1026
2052 1026 1006
2053 1026 1027
2054 1027 1007
2055 1027 1028
2056 1028 1008
2057 1028 1029
2058 1029 1009
2059 1029 1030
2060 1030 1010
2061 1030 1031
2062 1031 1011
2063 1031 1032
2064 1032 1012
2065 1032 1033
2066 1033 1013
2067 1033 1034
2068 1034 1014
2069 1034 1035
2070 1035 1015
2071 1035 1036
2072 1036 1016
2073 1036 1037
2074 1037 1017
2075 1037 1038
2076 1038 1018
2077 1038 1039
2078 1039 420
2079 1039 1019
2080 1040 1020
2081 1040 1041
2082 1041 1021
2083 1041 1042
2084 1042 1022
2085 1042 1043
2086 1043 1023
2087 1043 1044
2088 1044 1024
2089 1044 1045
2090 1045 1025
2091 1045 1046
2092 1046 1026
2093 1046 1047
2094 1047 1027
2095 1047 1048
2096 1048 1028
2097 1048 1049
2098 1049 1029
2099 1049 1050
2100 1050 1030
2101 1050 1051
2102 1051 1031
2103 1051 1052
2104 1052 1032
2105 1052 1053
2106 1053 1033
2107 1053 1054
2108 1054 1034
2109 1054 1055
2110 1055 1035
2111 1055 1056
2112 1056 1036
2113 1056 1057
2114 1057 1037
2115 1057 1058
2116 1058 1038
2117 1058 1059
2118 1059 440
2119 1059 1039
2120 1060 1040
2121 1060 1061
2122 1061 1041
2123 1061 1062
2124 1062 1042
2125 1062 1063
2126 1063 1043
2127 1063 1064
2128 1064 1044
2129 1064 1065
2130 1065 1045
2131 1065 1066
2132 1066 1046
2133 1066 1067
2134 1067 1047
2135 1067 1068
2136 1068 1048
2137 1068 1069
2138 1069 1049
2139 1069 1070
2140 1070 1050
2141 1070 1071
2142 1071 1051
2143 1071 1072
2144 1072 1052
2145 1072 1073
2146 1073 1053
2147 1073 1074
2148 1074 1054
2149 1074 1075
2150 1075 1055
2151 1075 1076
2152 1076 1056
2153 1076 1077
2154 1077 1057
2155 1077 1078
2156 1078 1058
2157 1078 1079
2158 1079 460
2159 1079 1059
2160 1080 1060
2161 1080 1081
2162 1081 1061
2163 1081 1082
2164 1082 1062
2165 1082 1083
2166 1083 1063
2167 1083 1084
2168 1084 1064
2169 1084 1085
2170 1085 1065
2171 1085 1086
2172 1086 1066
2173 1086 1087
2174 1087 1067
2175 1087 1088
2176 1088 1068
2177 1088 1089
2178 1089 1069
2179 1089 1090
2180 1090 1070
2181 1090 1091
2182 1091 1071
2183 1091 1092
2184 1092 1072
2185 1092 1093
2186 1093 1073
2187 1093 1094
2188 1094 1074
2189 1094 1095
2190 1095 1075
2191 1095 1096
2192 1096 1076
2193 1096 1097
2194 1097 1077
2195 1097 1098
2196 1098 1078
2197 1098 1099
2198 1099 480
2199 1099 1079
2200 1100 1080
2201 1100 1101
2202 1101 1081
2203 1101 1102
2204 1102 1082
2205 1102 1103
2206 1103 1083
2207 1103 1104
2208 1104 1084
2209 1104 1105
2210 1105 1085
2211 1105 1106
2212 1106 1086
2213 1106 1107
2214 1107 1087
2215 1107 1108
2216 1108 1088
2217 1108 1109
2218 1109 1089
2219 1109 1110
2220 1110 1090
2221 1110 1111
2222 1111 1091
2223 1111 1112
2224 1112 1092
2225 1112 1113
2226 1113 1093
2227 1113 1114
2228 1114 1094
2229 1114 1115
2230 1115 1095
2231 1115 1116
2232 1116 1096
2233 1116 1117
2234 1117 1097
2235 1117 1118
2236 1118 1098
2237 1118 1119
2238 1119 500
2239 1119 1099
2240 1120 1100
2241 1120 1121
2242 1121 1101
2243 1121 1122
2244 1122 1102
2245 1122 1123
2246 1123 1103
2247 1123 1124
2248 1124 1104
2249 1124 1125
2250 1125 1105
2251 1125 1126
2252 1126 1106
2253 1126 1127
2254 1127 1107
2255 1127 1128
2256 1128 1108
2257 1128 1129
2258 1129 1109
2259 1129 1130
2260 1130 1110
2261 1130 1131
2262 1131 1111
2263 1131 1132
2264 1132 1112
2265 1132 1133
2266 1133 1113
2267 1133 1134
2268 1134 1114
2269 1134 1135
2270 1135 1115
2271 1135 1136
2272 1136 1116
2273 1136 1137
2274 1137 1117
2275 1137 1138
2276 1138 1118
2277 1138 1139
2278 1139 520
2279 1139 1119
2280 1140 1120
2281 1140 1141
2282 1141 1121
2283 1141 1142
2284 1142 1122
2285 1142 1143
2286 1143 1123
2287 1143 1144
2288 1144 1124
2289 1144 1145
2290 1145 1125
2291 1145 1146
2292 1146 1126
2293 1146 1147
2294 1147 1127
2295 1147 1148
2296 1148 1128
2297 1148 1149
2298 1149 1129
2299 1149 1150
2300 1150 1130
2301 1150 1151
2302 1151 1131
2303 1151 1152
2304 1152 1132
2305 1152 1153
2306 1153 1133
2307 1153 1154
2308 1154 1134
2309 1154 1155
2310 1155 1135
2311 1155 1156
2312 1156 1136
2313 1156 1157
2314 1157 1137
2315 1157 1158
2316 1158 1138
2317 1158 1159
2318 1159 540
2319 1159 1139
2320 1160 1140
2321 1160 1161
2322 1161 1141
2323 1161 1162
2324 1162 1142
2325 1162 1163
2326 1163 1143
2327 1163 1164
2328 1164 1144
2329 1164 1165
2330 1165 1145
2331 1165 1166
2332 1166 1146
2333 1166 1167
2334 1167 1147
2335 1167 1168
2336 1168 1148
2337 1168 1169
2338 1169 1149
2339 1169 1170
2340 1170 1150
2341 1170 1171
2342 1171 1151
2343 1171 1172
2344 1172 1152
2345 1172 1173
2346 1173 1153
2347 1173 1174
2348 1174 1154
2349 1174 1175
2350 1175 1155
2351 1175 1176
2352 1176 1156
2353 1176 1177
2354 1177 1157
2355 1177 1178
2356 1178 1158
2357 1178 1179
2358 1179 560
2359 1179 1159
2360 1200 1180
2361 1180 1160
2362 1180 1181
2363 1200 1181
2364 1181 1161
2365 1181 1182
2366 1200 1182
2367 1182 1162
2368 1182 1183
2369 1200 1183
2370 1183 1163
2371 1183 1184
2372 1200 1184
2373 1184 1164
2374 1184 1185
2375 1200 1185
2376 1185 1165
2377 1185 1186
2378 1200 1186
2379 1186 1166
2380 1186 1187
2381 1200 1187
2382 1187 1167
2383 1187 1188
2384 1200 1188
2385 1188 1168
2386 1188 1189
2387 1200 1189
2388 1189 1169
2389 1189 1190
2390 1200 1190
2391 1190 1170
2392 1190 1191
2393 1200 1191
2394 1191 1171
2395 1191 1192
2396 1200 1192
2397 1192 1172
2398 1192 1193
2399 1200 1193
2400 1193 1173
2401 1193 1194
2402 1200 1194
2403 1194 1174
2404 1194 1195
2405 1200 1195
2406 1195 1175
2407 1195 1196
2408 1200 1196
2409 1196 1176
2410 1196 1197
2411 1200 1197
2412 1197 1177
2413 1197 1198
2414 1200 1198
2415 1198 1178
2416 1198 1199
2417 1200 1199
2418 1199 580
2419 1199 1179
